640425198301223158
640425197209128014
640425197201223631
640425198506188034
64042519710227939X
64042519810912167X
640425197209168796
640425199006173594
640425198504189172
640425198603129159
640425197606158516
640425197005104950
640425197403107292
640425197508203934
640425198702101338
640425197302233556
640425198502205431
640425197206168256
64042519770110601X
640425198904167618
640425197206132050
640425197405271109
640425197408273628
640425199003262823
640425197701169002
640425198201213366
640425197409261303
640425198502134469
640425198007273648
640425197008172860
640425197806281981
640425197704223289
640425197205151305
640425197403221001
640425197405133304
640425198705104665
64042519730615218X
640425197807112725
640425197602132503
640425197209247881
640425198908139489
640425199001226722
330105199008284410
330105198803122395
330105199009148058
330105198106145014
330105197501119313
330105197104229033
330105198504106416
330105198005287371
330105198803103557
330105198606147956
330105198406285019
330105197902212834
330105198201213572
330105197302263996
330105198607238315
330105197403201292
330105198403261898
330105197502133299
330105198207141813
330105197101157716
33010519730811481X
330105197506145406
330105198704265649
330105197306146949
330105197405281003
330105197505165261
330105199005124761
330105197002115166
33010519750723948X
330105198405236207
330105197707269544
330105197902138208
330105198504258962
330105198801129948
330105198804281128
330105197705217089
330105197209121301
330105197507149767
330105197603121748
33010519780514354X
330105198105274527
330105197009214984
650205199004228390
650205197001166252
650205198308178690
650205198806231351
650205197301216119
650205197604281313
650205199001106531
650205197306208257
650205197906262097
650205198402278890
650205198503148753
650205198606103873
650205197307129278
650205197201254812
650205199006213352
650205198906106558
650205199006206873
650205198104101755
650205198506178595
65020519890920935X
65020519810125895X